D=[2 3 -1 ; 4 -1 2 ; -3 2 1 ]
a=[5 3 -1 ;6 -1 2;-4 2 1]
b=[2 5 -1 ; 4 6 2 ; -3 -4 1 ]
c=[2 3 5 ; 4 -1 6 ; -3 2 -4]
x=a./D
y=b./D
z=c./D